fFiberLocalPosition: Float_t  #Taken from params_4to1 form the branch 4to1-classes-HIT-refactoring of the sifi framework
0 -54.3 0 -6 
1 -52.3 0 -6 
2 -50.3 0 -6 
3 -48.3 0 -6 
4 -46.3 0 -6 
5 -44.3 0 -6 
6 -42.3 0 -6 
7 -40.2 0 -6 
8 -38.2 0 -6 
9 -36.2 0 -6 
10 -34.2 0 -6 
11 -32.2 0 -6 
12 -30.2 0 -6 
13 -28.2 0 -6 
14 -26.2 0 -6 
15 -24.1 0 -6 
16 -22.1 0 -6 
17 -20.1 0 -6 
18 -18.1 0 -6 
19 -16.1 0 -6 
20 -14.1 0 -6 
21 -12.1 0 -6 
22 -10.1 0 -6 
23 -8 0 -6 
24 -6 0 -6 
25 -4 0 -6 
26 -2 0 -6 
27 0 0 -6 
28 2 0 -6 
29 4 0 -6 
30 6 0 -6 
31 8.1 0 -6 
32 10.1 0 -6 
33 12.1 0 -6 
34 14.1 0 -6 
35 16.1 0 -6 
36 18.1 0 -6 
37 20.1 0 -6 
38 22.1 0 -6 
39 24.2 0 -6 
40 26.2 0 -6 
41 28.2 0 -6 
42 30.2 0 -6 
43 32.2 0 -6 
44 34.2 0 -6 
45 36.2 0 -6 
46 38.2 0 -6 
47 40.3 0 -6 
48 42.3 0 -6 
49 44.3 0 -6 
50 46.3 0 -6 
51 48.3 0 -6 
52 50.3 0 -6 
53 52.3 0 -6 
54 54.3 0 -6 
55 -54.3 0 -4 
56 -52.3 0 -4 
57 -50.3 0 -4 
58 -48.3 0 -4 
59 -46.3 0 -4 
60 -44.3 0 -4 
61 -42.3 0 -4 
62 -40.2 0 -4 
63 -38.2 0 -4 
64 -36.2 0 -4 
65 -34.2 0 -4 
66 -32.2 0 -4 
67 -30.2 0 -4 
68 -28.2 0 -4 
69 -26.2 0 -4 
70 -24.1 0 -4 
71 -22.1 0 -4 
72 -20.1 0 -4 
73 -18.1 0 -4 
74 -16.1 0 -4 
75 -14.1 0 -4 
76 -12.1 0 -4 
77 -10.1 0 -4 
78 -8 0 -4 
79 -6 0 -4 
80 -4 0 -4 
81 -2 0 -4 
82 0 0 -4 
83 2 0 -4 
84 4 0 -4 
85 6 0 -4 
86 8.1 0 -4 
87 10.1 0 -4 
88 12.1 0 -4 
89 14.1 0 -4 
90 16.1 0 -4 
91 18.1 0 -4 
92 20.1 0 -4 
93 22.1 0 -4 
94 24.2 0 -4 
95 26.2 0 -4 
96 28.2 0 -4 
97 30.2 0 -4 
98 32.2 0 -4 
99 34.2 0 -4 
100 36.2 0 -4 
101 38.2 0 -4 
102 40.3 0 -4 
103 42.3 0 -4 
104 44.3 0 -4 
105 46.3 0 -4 
106 48.3 0 -4 
107 50.3 0 -4 
108 52.3 0 -4 
109 54.3 0 -4 
110 -54.3 0 -2 
111 -52.3 0 -2 
112 -50.3 0 -2 
113 -48.3 0 -2 
114 -46.3 0 -2 
115 -44.3 0 -2 
116 -42.3 0 -2 
117 -40.2 0 -2 
118 -38.2 0 -2 
119 -36.2 0 -2 
120 -34.2 0 -2 
121 -32.2 0 -2 
122 -30.2 0 -2 
123 -28.2 0 -2 
124 -26.2 0 -2 
125 -24.1 0 -2 
126 -22.1 0 -2 
127 -20.1 0 -2 
128 -18.1 0 -2 
129 -16.1 0 -2 
130 -14.1 0 -2 
131 -12.1 0 -2 
132 -10.1 0 -2 
133 -8 0 -2 
134 -6 0 -2 
135 -4 0 -2 
136 -2 0 -2 
137 0 0 -2 
138 2 0 -2 
139 4 0 -2 
140 6 0 -2 
141 8.1 0 -2 
142 10.1 0 -2 
143 12.1 0 -2 
144 14.1 0 -2 
145 16.1 0 -2 
146 18.1 0 -2 
147 20.1 0 -2 
148 22.1 0 -2 
149 24.2 0 -2 
150 26.2 0 -2 
151 28.2 0 -2 
152 30.2 0 -2 
153 32.2 0 -2 
154 34.2 0 -2 
155 36.2 0 -2 
156 38.2 0 -2 
157 40.3 0 -2 
158 42.3 0 -2 
159 44.3 0 -2 
160 46.3 0 -2 
161 48.3 0 -2 
162 50.3 0 -2 
163 52.3 0 -2 
164 54.3 0 -2 
165 -54.3 0 0 
166 -52.3 0 0 
167 -50.3 0 0 
168 -48.3 0 0 
169 -46.3 0 0 
170 -44.3 0 0 
171 -42.3 0 0 
172 -40.2 0 0 
173 -38.2 0 0 
174 -36.2 0 0 
175 -34.2 0 0 
176 -32.2 0 0 
177 -30.2 0 0 
178 -28.2 0 0 
179 -26.2 0 0 
180 -24.1 0 0 
181 -22.1 0 0 
182 -20.1 0 0 
183 -18.1 0 0 
184 -16.1 0 0 
185 -14.1 0 0 
186 -12.1 0 0 
187 -10.1 0 0 
188 -8 0 0 
189 -6 0 0 
190 -4 0 0 
191 -2 0 0 
192 0 0 0 
193 2 0 0 
194 4 0 0 
195 6 0 0 
196 8.1 0 0 
197 10.1 0 0 
198 12.1 0 0 
199 14.1 0 0 
200 16.1 0 0 
201 18.1 0 0 
202 20.1 0 0 
203 22.1 0 0 
204 24.2 0 0 
205 26.2 0 0 
206 28.2 0 0 
207 30.2 0 0 
208 32.2 0 0 
209 34.2 0 0 
210 36.2 0 0 
211 38.2 0 0 
212 40.3 0 0 
213 42.3 0 0 
214 44.3 0 0 
215 46.3 0 0 
216 48.3 0 0 
217 50.3 0 0 
218 52.3 0 0 
219 54.3 0 0 
220 -54.3 0 2 
221 -52.3 0 2 
222 -50.3 0 2 
223 -48.3 0 2 
224 -46.3 0 2 
225 -44.3 0 2 
226 -42.3 0 2 
227 -40.2 0 2 
228 -38.2 0 2 
229 -36.2 0 2 
230 -34.2 0 2 
231 -32.2 0 2 
232 -30.2 0 2 
233 -28.2 0 2 
234 -26.2 0 2 
235 -24.1 0 2 
236 -22.1 0 2 
237 -20.1 0 2 
238 -18.1 0 2 
239 -16.1 0 2 
240 -14.1 0 2 
241 -12.1 0 2 
242 -10.1 0 2 
243 -8 0 2 
244 -6 0 2 
245 -4 0 2 
246 -2 0 2 
247 0 0 2 
248 2 0 2 
249 4 0 2 
250 6 0 2 
251 8.1 0 2 
252 10.1 0 2 
253 12.1 0 2 
254 14.1 0 2 
255 16.1 0 2 
256 18.1 0 2 
257 20.1 0 2 
258 22.1 0 2 
259 24.2 0 2 
260 26.2 0 2 
261 28.2 0 2 
262 30.2 0 2 
263 32.2 0 2 
264 34.2 0 2 
265 36.2 0 2 
266 38.2 0 2 
267 40.3 0 2 
268 42.3 0 2 
269 44.3 0 2 
270 46.3 0 2 
271 48.3 0 2 
272 50.3 0 2 
273 52.3 0 2 
274 54.3 0 2 
275 -54.3 0 4 
276 -52.3 0 4 
277 -50.3 0 4 
278 -48.3 0 4 
279 -46.3 0 4 
280 -44.3 0 4 
281 -42.3 0 4 
282 -40.2 0 4 
283 -38.2 0 4 
284 -36.2 0 4 
285 -34.2 0 4 
286 -32.2 0 4 
287 -30.2 0 4 
288 -28.2 0 4 
289 -26.2 0 4 
290 -24.1 0 4 
291 -22.1 0 4 
292 -20.1 0 4 
293 -18.1 0 4 
294 -16.1 0 4 
295 -14.1 0 4 
296 -12.1 0 4 
297 -10.1 0 4 
298 -8 0 4 
299 -6 0 4 
300 -4 0 4 
301 -2 0 4 
302 0 0 4 
303 2 0 4 
304 4 0 4 
305 6 0 4 
306 8.1 0 4 
307 10.1 0 4 
308 12.1 0 4 
309 14.1 0 4 
310 16.1 0 4 
311 18.1 0 4 
312 20.1 0 4 
313 22.1 0 4 
314 24.2 0 4 
315 26.2 0 4 
316 28.2 0 4 
317 30.2 0 4 
318 32.2 0 4 
319 34.2 0 4 
320 36.2 0 4 
321 38.2 0 4 
322 40.3 0 4 
323 42.3 0 4 
324 44.3 0 4 
325 46.3 0 4 
326 48.3 0 4 
327 50.3 0 4 
328 52.3 0 4 
329 54.3 0 4 
330 -54.3 0 6 
331 -52.3 0 6 
332 -50.3 0 6 
333 -48.3 0 6 
334 -46.3 0 6 
335 -44.3 0 6 
336 -42.3 0 6 
337 -40.2 0 6 
338 -38.2 0 6 
339 -36.2 0 6 
340 -34.2 0 6 
341 -32.2 0 6 
342 -30.2 0 6 
343 -28.2 0 6 
344 -26.2 0 6 
345 -24.1 0 6 
346 -22.1 0 6 
347 -20.1 0 6 
348 -18.1 0 6 
349 -16.1 0 6 
350 -14.1 0 6 
351 -12.1 0 6 
352 -10.1 0 6 
353 -8 0 6 
354 -6 0 6 
355 -4 0 6 
356 -2 0 6 
357 0 0 6 
358 2 0 6 
359 4 0 6 
360 6 0 6 
361 8.1 0 6 
362 10.1 0 6 
363 12.1 0 6 
364 14.1 0 6 
365 16.1 0 6 
366 18.1 0 6 
367 20.1 0 6 
368 22.1 0 6 
369 24.2 0 6 
370 26.2 0 6 
371 28.2 0 6 
372 30.2 0 6 
373 32.2 0 6 
374 34.2 0 6 
375 36.2 0 6 
376 38.2 0 6 
377 40.3 0 6 
378 42.3 0 6 
379 44.3 0 6 
380 46.3 0 6 
381 48.3 0 6 
382 50.3 0 6 
383 52.3 0 6 
384 54.3 0 6 